<bound method DataFrame.iterrows of                        1    2    3    4    5   ...   147  148  149  150  151
0                                              ...                          
100466178325794757407    1    0    0    0    0 ...     0    0    0    0    0
101956248238209997481    1    0    0    0    0 ...     0    0    0    0    0
113868125184069869732    1    0    0    0    0 ...     0    0    0    0    0
104818049704682891678    1    0    0    0    0 ...     0    0    0    0    0
109870053628419941069    0    0    0    0    0 ...     0    0    0    0    0
100197756586698521738    1    0    0    0    0 ...     0    0    0    0    0
113041650874198794005    1    0    0    0    0 ...     0    0    0    0    0
107186556217214438380    0    0    0    0    0 ...     0    0    0    0    0
104232418940283836037    1    0    0    0    0 ...     0    0    0    0    0
104673797745951113580    0    0    0    0    0 ...     0    0    0    0    0
104145159340267405219    1    0    0    0    0 ...     0    0    0    0    0
117695609606775635474    0    0    0    0    0 ...     0    0    0    0    0
108938209891031140406    1    0    0    0    0 ...     0    0    0    0    0
112477381832788364129    1    0    0    0    0 ...     0    0    0    0    0
115529014950649225468    1    0    0    0    0 ...     0    0    0    0    0
100275307499530023476    1    0    0    0    0 ...     0    0    0    0    0
107117483540235115863    1    0    0    0    0 ...     0    0    0    0    0
106913700595933476859    0    0    0    0    0 ...     0    0    0    0    0
118148870132087873196    1    0    0    0    0 ...     0    0    0    0    0
117103663952991433985    1    0    0    0    0 ...     0    0    0    0    0
104629412415657030658    0    0    0    0    0 ...     0    0    0    0    0
114322809962809205233    0    0    0    0    0 ...     0    0    0    0    0
117413551943364608805    0    0    0    0    0 ...     0    0    0    0    0
114361850887459453753    1    0    0    1    0 ...     0    0    0    0    0
105093404125373972049    1    0    0    0    0 ...     0    0    0    0    0
112977406365716629714    1    0    0    0    0 ...     0    0    0    0    0
108837104756408823233    1    0    0    0    0 ...     0    0    0    0    0
101115918604353599204    0    0    0    0    0 ...     0    0    0    0    0
103297719375460638492    0    0    1    0    0 ...     0    0    0    0    0
104560124403688998123    1    0    0    0    0 ...     0    0    0    0    0
...                    ...  ...  ...  ...  ... ...   ...  ...  ...  ...  ...
116143340835822342380    1    0    0    0    0 ...     0    0    0    0    0
106749254706410187997    1    0    0    0    0 ...     0    0    0    0    0
113756262240719112435    0    0    0    0    0 ...     0    0    0    0    0
117672822898556373588    0    0    0    0    0 ...     0    0    0    0    0
110694450299661318989    1    0    0    0    0 ...     0    0    0    0    0
101477619738648074996    0    0    0    0    0 ...     0    0    0    0    0
101884627777333948531    1    0    0    0    0 ...     0    1    0    0    0
108664001239382019178    1    0    0    0    0 ...     0    0    0    0    0
103876278794381402383    0    0    0    0    0 ...     0    0    0    0    0
115436689201379234613    1    0    0    0    0 ...     0    0    0    0    0
115995238087373774372    0    1    0    0    0 ...     0    0    0    0    0
107333789954069175516    0    0    0    0    0 ...     0    0    0    0    0
110446481186064742790    1    0    0    0    0 ...     0    0    0    0    0
117740164364538373585    0    0    0    0    0 ...     0    0    0    0    0
101379821241345700046    1    0    0    0    0 ...     0    0    0    0    0
113735310430199015092    1    0    0    0    0 ...     0    0    0    0    0
104233435224873922474    1    0    0    0    0 ...     0    0    0    0    0
103443201377825866535    1    0    0    0    0 ...     0    0    0    0    0
100129453397684294730    0    1    0    0    0 ...     0    0    0    0    0
108013686774011866690    1    0    0    0    0 ...     0    0    0    0    0
107783266611747404374    1    0    0    0    0 ...     0    0    0    0    0
101481240274035841222    1    0    0    0    0 ...     0    0    0    0    0
102085110537136072963    0    1    0    0    0 ...     0    0    0    0    0
107460110652301390839    0    1    0    0    0 ...     0    0    0    0    0
115968043557727049930    0    1    0    0    0 ...     0    0    0    0    0
103030116155431184588    1    0    0    0    0 ...     0    0    0    0    0
113164038788726940319    1    0    0    0    0 ...     0    0    0    0    0
111231223957836734952    0    0    0    0    0 ...     0    0    0    0    0
115329840373520140980    1    0    0    0    0 ...     0    0    0    0    0
117713296107305485612    1    0    0    0    0 ...     0    0    0    0    0

[359 rows x 151 columns]>